61 2401.6666666666665 
95 1378.3333333333333 
105 1306.4444444444443 
58 2379.6666666666665 
67 1935.6666666666667 
34 3843.222222222222 
73 1830.5555555555557 
28 4811.111111111111 
110 1027.3333333333333 
43 2952.3333333333335 
31 4193.666666666667 
100 1374.5555555555557 
37 3610.222222222222 
52 2578.222222222222 
55 2578.6666666666665 
64 2124.0 
90 1487.2222222222222 
46 2913.4444444444443 
79 1717.888888888889 
115 1207.6666666666667 
70 2097.6666666666665 
85 1585.111111111111 
76 1938.6666666666667 
82 1833.4444444444443 
49 2809.1111111111113 
40 3168.222222222222 
25 3168.222222222222 
