61 2375.222222222222 
95 1288.7777777777778 
105 1229.3333333333333 
58 2332.4444444444443 
67 1908.5555555555557 
34 3894.6666666666665 
73 1797.2222222222222 
28 4738.555555555556 
110 1008.2222222222222 
43 2934.8888888888887 
31 4147.111111111111 
100 1356.888888888889 
37 3566.4444444444443 
52 2552.0 
55 2555.1111111111113 
64 2065.5555555555557 
90 1552.5555555555557 
46 2868.222222222222 
79 1703.0 
115 1207.2222222222222 
70 2061.6666666666665 
85 1580.888888888889 
76 1901.0 
82 1791.888888888889 
49 2776.6666666666665 
40 3119.8888888888887 
25 5191.222222222223 
