61 2420.8888888888887 
95 1350.888888888889 
105 1269.4444444444443 
58 2364.0 
67 1926.2222222222222 
34 3057.777777777778 
73 1814.4444444444443 
28 4762.333333333333 
110 1023.2222222222222 
43 2952.8888888888887 
31 4190.666666666667 
100 1346.111111111111 
37 3599.6666666666665 
52 2563.6666666666665 
55 2570.8888888888887 
64 2077.1111111111113 
90 1440.0 
46 2903.5555555555557 
79 1664.111111111111 
115 1143.111111111111 
70 1711.111111111111 
85 1591.888888888889 
76 1936.3333333333333 
82 1812.0 
49 2810.777777777778 
40 2673.222222222222 
25 5171.222222222223
